0.1 1.00013859950583
0.098 1.00063146692992
0.096 1.0014067987039
0.094 1.00115197473732
0.092 0.998653181814639
0.09 0.995854964284418
0.088 0.989218699784802
0.086 0.97714923653146
0.084 0.959130649933849
0.082 0.934372894180562
0.08 0.885307825115629
0.078 0.798662086231614
0.076 0.86745215924795
0.074 0.839647184688274
0.072 0.790585947152762
0.07 0.738710213246936
0.068 0.67586050638128
0.066 0.45088991901884
0.064 0.336942723657751
0.062 0.288026915909839
0.06 0.143324219929978
