0.1 0.522774557778242
0.098 0.528911491738154
0.096 0.537563815153529
0.094 0.550842459287795
0.092 0.566160864042491
0.09 0.579935390023358
0.088 0.595536700504072
0.086 0.615532813318529
0.084 0.640431649318799
0.082 0.670469454077806
0.08 0.715872724053977
0.078 0.772216492267315
0.076 0.741109972479555
0.074 0.764592402735967
0.072 0.798078630989492
0.07 0.830196408998667
0.068 0.863231581988773
0.066 0.939691366218305
0.064 0.965284868150994
0.062 0.974955174379933
0.06 0.992268337902504
